800 0 0.3048 71.3 0.00266337 232048 126.201
1000 0 0.3048 71.3 0.00266337 887373 125.201
1250 0 0.3048 71.3 0.00266337 897296 125.951
1600 0 0.3048 71.3 0.00266337 973501 127.591
2000 0 0.3048 71.3 0.00266337 921634 127.461
2500 0 0.3048 71.3 0.00266337 422620 125.571
3150 0 0.3048 71.3 0.00266337 882613 125.201
4000 0 0.3048 71.3 0.00266337 311921 123.061
5000 0 0.3048 71.3 0.00266337 908690 121.301
6300 0 0.3048 71.3 0.00266337 330647 119.541
8000 0 0.3048 71.3 0.00266337 399373 117.151
10000 0 0.3048 71.3 0.00266337 995176 115.391
12500 0 0.3048 71.3 0.00266337 599651 112.241
16000 0 0.3048 71.3 0.00266337 688325 108.721
500 0 0.3048 55.5 0.00283081 159438 126.416
630 0 0.3048 55.5 0.00283081 428841 127.696
800 0 0.3048 55.5 0.00283081 649954 128.086
1000 0 0.3048 55.5 0.00283081 755781 126.966
1250 0 0.3048 55.5 0.00283081 129819 126.086
1600 0 0.3048 55.5 0.00283081 886970 126.986
2000 0 0.3048 55.5 0.00283081 632760 126.616
2500 0 0.3048 55.5 0.00283081 122444 124.106
3150 0 0.3048 55.5 0.00283081 557717 123.236
4000 0 0.3048 55.5 0.00283081 591533 121.106
5000 0 0.3048 55.5 0.00283081 898244 119.606
6300 0 0.3048 55.5 0.00283081 234371 117.976
8000 0 0.3048 55.5 0.00283081 994093 116.476
10000 0 0.3048 55.5 0.00283081 463444 113.076
12500 0 0.3048 55.5 0.00283081 755547 111.076
200 0 0.3048 39.6 0.00310138 967475 118.129
250 0 0.3048 39.6 0.00310138 494915 119.319
315 0 0.3048 39.6 0.00310138 192535 122.779
400 0 0.3048 39.6 0.00310138 602292 124.809
500 0 0.3048 39.6 0.00310138 721304 126.959
630 0 0.3048 39.6 0.00310138 247882 128.629
800 0 0.3048 39.6 0.00310138 288736 129.099
1000 0 0.3048 39.6 0.00310138 738845 127.899
1250 0 0.3048 39.6 0.00310138 563223 125.499
1600 0 0.3048 39.6 0.00310138 276904 124.049
2000 0 0.3048 39.6 0.00310138 491542 123.689
2500 0 0.3048 39.6 0.00310138 902665 121.399
3150 0 0.3048 39.6 0.00310138 387755 120.319
4000 0 0.3048 39.6 0.00310138 855693 119.229
5000 0 0.3048 39.6 0.00310138 746534 117.789
6300 0 0.3048 39.6 0.00310138 342257 116.229
8000 0 0.3048 39.6 0.00310138 476783 114.779
10000 0 0.3048 39.6 0.00310138 188769 112.139
12500 0 0.3048 39.6 0.00310138 733408 109.619
200 0 0.3048 31.7 0.00331266 350890 117.195
250 0 0.3048 31.7 0.00331266 892646 118.595
315 0 0.3048 31.7 0.00331266 368018 122.765
400 0 0.3048 31.7 0.00331266 686575 125.045
500 0 0.3048 31.7 0.00331266 331669 127.315
630 0 0.3048 31.7 0.00331266 244590 129.095
800 0 0.3048 31.7 0.00331266 236777 129.235
1000 0 0.3048 31.7 0.00331266 970825 127.365
1250 0 0.3048 31.7 0.00331266 201991 124.355
1600 0 0.3048 31.7 0.00331266 275482 122.365
2000 0 0.3048 31.7 0.00331266 173375 122.375
2500 0 0.3048 31.7 0.00331266 562083 120.755
3150 0 0.3048 31.7 0.00331266 345514 119.135
4000 0 0.3048 31.7 0.00331266 573085 118.145
5000 0 0.3048 31.7 0.00331266 882182 115.645
6300 0 0.3048 31.7 0.00331266 317279 113.775
8000 0 0.3048 31.7 0.00331266 301598 110.515
10000 0 0.3048 31.7 0.00331266 845704 108.265
800 1.5 0.3048 71.3 0.00336729 685729 127.122
1000 1.5 0.3048 71.3 0.00336729 958602 125.992
1250 1.5 0.3048 71.3 0.00336729 378114 125.872
1600 1.5 0.3048 71.3 0.00336729 264322 126.632
2000 1.5 0.3048 71.3 0.00336729 509037 126.642
2500 1.5 0.3048 71.3 0.00336729 141067 124.512
3150 1.5 0.3048 71.3 0.00336729 763354 123.392
4000 1.5 0.3048 71.3 0.00336729 303084 121.762
5000 1.5 0.3048 71.3 0.00336729 699842 119.632
6300 1.5 0.3048 71.3 0.00336729 464691 118.122
8000 1.5 0.3048 71.3 0.00336729 967564 115.372
10000 1.5 0.3048 71.3 0.00336729 554401 113.492
12500 1.5 0.3048 71.3 0.00336729 734136 109.222
16000 1.5 0.3048 71.3 0.00336729 441975 106.582
315 1.5 0.3048 39.6 0.00392107 985402 121.851
400 1.5 0.3048 39.6 0.00392107 298609 124.001
500 1.5 0.3048 39.6 0.00392107 607243 126.661
630 1.5 0.3048 39.6 0.00392107 348559 128.311
800 1.5 0.3048 39.6 0.00392107 961345 128.831
1000 1.5 0.3048 39.6 0.00392107 375718 127.581
1250 1.5 0.3048 39.6 0.00392107 705623 125.211
1600 1.5 0.3048 39.6 0.00392107 652939 122.211
2000 1.5 0.3048 39.6 0.00392107 453073 122.101
2500 1.5 0.3048 39.6 0.00392107 801820 120.981
3150 1.5 0.3048 39.6 0.00392107 417655 119.111
4000 1.5 0.3048 39.6 0.00392107 480872 117.741
5000 1.5 0.3048 39.6 0.00392107 718098 116.241
6300 1.5 0.3048 39.6 0.00392107 549508 114.751
8000 1.5 0.3048 39.6 0.00392107 431677 112.251
10000 1.5 0.3048 39.6 0.00392107 972538 108.991
12500 1.5 0.3048 39.6 0.00392107 192383 106.111
400 3 0.3048 71.3 0.00425727 250703 127.564
500 3 0.3048 71.3 0.00425727 425709 128.454
630 3 0.3048 71.3 0.00425727 680311 129.354
800 3 0.3048 71.3 0.00425727 431367 129.494
1000 3 0.3048 71.3 0.00425727 274750 129.004
1250 3 0.3048 71.3 0.00425727 327151 127.634
1600 3 0.3048 71.3 0.00425727 800904 126.514
2000 3 0.3048 71.3 0.00425727 844324 125.524
2500 3 0.3048 71.3 0.00425727 820543 124.024
3150 3 0.3048 71.3 0.00425727 922493 121.514
4000 3 0.3048 71.3 0.00425727 445904 120.264
5000 3 0.3048 71.3 0.00425727 177567 118.134
6300 3 0.3048 71.3 0.00425727 409405 116.134
8000 3 0.3048 71.3 0.00425727 363758 114.634
10000 3 0.3048 71.3 0.00425727 443535 110.224
400 3 0.3048 55.5 0.00452492 756963 126.159
500 3 0.3048 55.5 0.00452492 516153 128.179
630 3 0.3048 55.5 0.00452492 771807 129.569
800 3 0.3048 55.5 0.00452492 510143 129.949
1000 3 0.3048 55.5 0.00452492 870271 129.329
1250 3 0.3048 55.5 0.00452492 742192 127.329
1600 3 0.3048 55.5 0.00452492 888270 124.439
2000 3 0.3048 55.5 0.00452492 649971 123.069
2500 3 0.3048 55.5 0.00452492 546499 122.439
3150 3 0.3048 55.5 0.00452492 284221 120.189
4000 3 0.3048 55.5 0.00452492 750001 118.689
5000 3 0.3048 55.5 0.00452492 771760 117.309
6300 3 0.3048 55.5 0.00452492 228714 115.679
8000 3 0.3048 55.5 0.00452492 614752 113.799
10000 3 0.3048 55.5 0.00452492 640141 112.169
315 3 0.3048 39.6 0.00495741 189298 123.312
400 3 0.3048 39.6 0.00495741 820273 125.472
500 3 0.3048 39.6 0.00495741 574222 127.632
630 3 0.3048 39.6 0.00495741 567647 129.292
800 3 0.3048 39.6 0.00495741 114973 129.552
1000 3 0.3048 39.6 0.00495741 772664 128.312
1250 3 0.3048 39.6 0.00495741 976369 125.802
1600 3 0.3048 39.6 0.00495741 606773 122.782
2000 3 0.3048 39.6 0.00495741 515704 120.532
2500 3 0.3048 39.6 0.00495741 883153 120.162
3150 3 0.3048 39.6 0.00495741 196174 118.922
4000 3 0.3048 39.6 0.00495741 667030 116.792
5000 3 0.3048 39.6 0.00495741 418591 115.792
6300 3 0.3048 39.6 0.00495741 212870 114.042
8000 3 0.3048 39.6 0.00495741 974748 110.652
315 3 0.3048 31.7 0.00529514 168357 123.118
400 3 0.3048 31.7 0.00529514 425310 125.398
500 3 0.3048 31.7 0.00529514 200409 127.548
630 3 0.3048 31.7 0.00529514 656767 128.698
800 3 0.3048 31.7 0.00529514 207760 128.708
1000 3 0.3048 31.7 0.00529514 237383 126.838
1250 3 0.3048 31.7 0.00529514 883902 124.838
1600 3 0.3048 31.7 0.00529514 181471 122.088
2000 3 0.3048 31.7 0.00529514 172899 120.088
2500 3 0.3048 31.7 0.00529514 807984 119.598
3150 3 0.3048 31.7 0.00529514 374057 118.108
4000 3 0.3048 31.7 0.00529514 911124 115.608
5000 3 0.3048 31.7 0.00529514 185056 113.858
6300 3 0.3048 31.7 0.00529514 503793 109.718
250 4 0.3048 71.3 0.00497773 604653 126.395
315 4 0.3048 71.3 0.00497773 254447 128.175
400 4 0.3048 71.3 0.00497773 976653 129.575
500 4 0.3048 71.3 0.00497773 611572 130.715
630 4 0.3048 71.3 0.00497773 383064 131.615
800 4 0.3048 71.3 0.00497773 442202 131.755
1000 4 0.3048 71.3 0.00497773 882665 131.015
1250 4 0.3048 71.3 0.00497773 993769 129.395
1600 4 0.3048 71.3 0.00497773 489903 126.645
2000 4 0.3048 71.3 0.00497773 362984 124.395
2500 4 0.3048 71.3 0.00497773 338196 123.775
3150 4 0.3048 71.3 0.00497773 975398 121.775
4000 4 0.3048 71.3 0.00497773 569643 119.535
5000 4 0.3048 71.3 0.00497773 221910 117.785
6300 4 0.3048 71.3 0.00497773 163293 116.165
8000 4 0.3048 71.3 0.00497773 452379 113.665
10000 4 0.3048 71.3 0.00497773 911318 110.905
12500 4 0.3048 71.3 0.00497773 240 107.405
250 4 0.3048 39.6 0.00579636 905 123.543
315 4 0.3048 39.6 0.00579636 597 126.843
400 4 0.3048 39.6 0.00579636 786 128.633
500 4 0.3048 39.6 0.00579636 41 130.173
630 4 0.3048 39.6 0.00579636 48 131.073
800 4 0.3048 39.6 0.00579636 80 130.723
1000 4 0.3048 39.6 0.00579636 48 128.723
1250 4 0.3048 39.6 0.00579636 17 126.343
1600 4 0.3048 39.6 0.00579636 46 123.213
2000 4 0.3048 39.6 0.00579636 81 120.963
2500 4 0.3048 39.6 0.00579636 98 120.233
3150 4 0.3048 39.6 0.00579636 57 118.743
4000 4 0.3048 39.6 0.00579636 48 115.863
5000 4 0.3048 39.6 0.00579636 26 113.733
1250 0 0.2286 71.3 0.00214345 23 128.144
1600 0 0.2286 71.3 0.00214345 27 129.134
2000 0 0.2286 71.3 0.00214345 49 128.244
2500 0 0.2286 71.3 0.00214345 45 128.354
3150 0 0.2286 71.3 0.00214345 13 127.834
4000 0 0.2286 71.3 0.00214345 14 125.824
5000 0 0.2286 71.3 0.00214345 85 124.304
6300 0 0.2286 71.3 0.00214345 58 122.044
8000 0 0.2286 71.3 0.00214345 23 118.024
10000 0 0.2286 71.3 0.00214345 73 118.134
12500 0 0.2286 71.3 0.00214345 93 117.624
16000 0 0.2286 71.3 0.00214345 96 114.984
20000 0 0.2286 71.3 0.00214345 27 114.474
315 0 0.2286 55.5 0.00229336 15 119.540
400 0 0.2286 55.5 0.00229336 3876 121.660
500 0 0.2286 55.5 0.00229336 2587 123.780
630 0 0.2286 55.5 0.00229336 8345 126.160
800 0 0.2286 55.5 0.00229336 1085 127.530
1000 0 0.2286 55.5 0.00229336 1672 128.290
1250 0 0.2286 55.5 0.00229336 7879 127.910
1600 0 0.2286 55.5 0.00229336 7821 126.790
2000 0 0.2286 55.5 0.00229336 5243 126.540
2500 0 0.2286 55.5 0.00229336 1734 126.540
3150 0 0.2286 55.5 0.00229336 2950 125.160
4000 0 0.2286 55.5 0.00229336 3087 123.410
5000 0 0.2286 55.5 0.00229336 6648 122.410
6300 0 0.2286 55.5 0.00229336 9853 118.410
315 0 0.2286 39.6 0.00253511 2430 121.055
400 0 0.2286 39.6 0.00253511 2587 123.565
500 0 0.2286 39.6 0.00253511 3512 126.195
630 0 0.2286 39.6 0.00253511 2070 128.705
800 0 0.2286 39.6 0.00253511 3037 130.205
1000 0 0.2286 39.6 0.00253511 9633 130.435
1250 0 0.2286 39.6 0.00253511 6933 129.395
1600 0 0.2286 39.6 0.00253511 3760 127.095
2000 0 0.2286 39.6 0.00253511 4563 125.305
2500 0 0.2286 39.6 0.00253511 9402 125.025
3150 0 0.2286 39.6 0.00253511 9001 124.625
4000 0 0.2286 39.6 0.00253511 3265 123.465
5000 0 0.2286 39.6 0.00253511 5205 122.175
6300 0 0.2286 39.6 0.00253511 7196 117.465
315 0 0.2286 31.7 0.0027238 6914 120.595
400 0 0.2286 31.7 0.0027238 3659 123.635
500 0 0.2286 31.7 0.0027238 61382 126.675
630 0 0.2286 31.7 0.0027238 77732 129.465
800 0 0.2286 31.7 0.0027238 69311 130.725
1000 0 0.2286 31.7 0.0027238 45305 130.595
1250 0 0.2286 31.7 0.0027238 66261 128.805
1600 0 0.2286 31.7 0.0027238 52520 125.625
2000 0 0.2286 31.7 0.0027238 68003 123.455
2500 0 0.2286 31.7 0.0027238 37046 123.445
3150 0 0.2286 31.7 0.0027238 38502 123.445
4000 0 0.2286 31.7 0.0027238 38282 122.035
5000 0 0.2286 31.7 0.0027238 69149 120.505
6300 0 0.2286 31.7 0.0027238 16857 116.815
400 2 0.2286 71.3 0.00293031 19976 125.116
500 2 0.2286 71.3 0.00293031 55120 126.486
630 2 0.2286 71.3 0.00293031 82634 127.356
800 2 0.2286 71.3 0.00293031 18827 128.216
1000 2 0.2286 71.3 0.00293031 74531 128.956
1250 2 0.2286 71.3 0.00293031 71973 128.816
1600 2 0.2286 71.3 0.00293031 42915 127.796
2000 2 0.2286 71.3 0.00293031 37486 126.896
2500 2 0.2286 71.3 0.00293031 98678 127.006
3150 2 0.2286 71.3 0.00293031 95519 126.116
4000 2 0.2286 71.3 0.00293031 66528 124.086
5000 2 0.2286 71.3 0.00293031 92722 122.816
6300 2 0.2286 71.3 0.00293031 14832 120.786
8000 2 0.2286 71.3 0.00293031 87196 115.996
10000 2 0.2286 71.3 0.00293031 68749 113.086
400 2 0.2286 55.5 0.00313525 27320 122.292
500 2 0.2286 55.5 0.00313525 16197 124.692
630 2 0.2286 55.5 0.00313525 29070 126.842
800 2 0.2286 55.5 0.00313525 73515 128.492
1000 2 0.2286 55.5 0.00313525 61005 129.002
1250 2 0.2286 55.5 0.00313525 84333 128.762
1600 2 0.2286 55.5 0.00313525 19543 126.752
2000 2 0.2286 55.5 0.00313525 17517 124.612
2500 2 0.2286 55.5 0.00313525 8476 123.862
3150 2 0.2286 55.5 0.00313525 4265 123.742
4000 2 0.2286 55.5 0.00313525 9865 122.232
5000 2 0.2286 55.5 0.00313525 5015 120.472
6300 2 0.2286 55.5 0.00313525 3979 118.712
315 2 0.2286 39.6 0.00346574 1922 120.137
400 2 0.2286 39.6 0.00346574 6671 122.147
500 2 0.2286 39.6 0.00346574 5175 125.157
630 2 0.2286 39.6 0.00346574 8427 127.417
800 2 0.2286 39.6 0.00346574 6068 129.037
1000 2 0.2286 39.6 0.00346574 8152 129.147
1250 2 0.2286 39.6 0.00346574 4906 128.257
1600 2 0.2286 39.6 0.00346574 3408 125.837
2000 2 0.2286 39.6 0.00346574 9034 122.797
2500 2 0.2286 39.6 0.00346574 8940 121.397
3150 2 0.2286 39.6 0.00346574 4392 121.627
4000 2 0.2286 39.6 0.00346574 4043 120.227
5000 2 0.2286 39.6 0.00346574 4260 118.827
6300 2 0.2286 39.6 0.00346574 2853 116.417
315 2 0.2286 31.7 0.00372371 7593 120.147
400 2 0.2286 31.7 0.00372371 8958 123.417
500 2 0.2286 31.7 0.00372371 9212 126.677
630 2 0.2286 31.7 0.00372371 6557 129.057
800 2 0.2286 31.7 0.00372371 6518 130.307
1000 2 0.2286 31.7 0.00372371 5418 130.307
1250 2 0.2286 31.7 0.00372371 6443 128.677
1600 2 0.2286 31.7 0.00372371 2766 125.797
2000 2 0.2286 31.7 0.00372371 3526 123.037
2500 2 0.2286 31.7 0.00372371 1334 121.407
3150 2 0.2286 31.7 0.00372371 5526 121.527
4000 2 0.2286 31.7 0.00372371 1470 120.527
5000 2 0.2286 31.7 0.00372371 6472 118.267
6300 2 0.2286 31.7 0.00372371 4267 115.137
500 4 0.2286 71.3 0.00400603 2399 126.758
630 4 0.2286 71.3 0.00400603 8236 129.038
800 4 0.2286 71.3 0.00400603 8916 130.688
1000 4 0.2286 71.3 0.00400603 9473 131.708
1250 4 0.2286 71.3 0.00400603 7257 131.718
1600 4 0.2286 71.3 0.00400603 8440 129.468
2000 4 0.2286 71.3 0.00400603 5538 126.218
2500 4 0.2286 71.3 0.00400603 9982 124.338
3150 4 0.2286 71.3 0.00400603 1755 124.108
4000 4 0.2286 71.3 0.00400603 95399 121.728
5000 4 0.2286 71.3 0.00400603 22489 121.118
6300 4 0.2286 71.3 0.00400603 10804 118.618
8000 4 0.2286 71.3 0.00400603 47901 112.848
10000 4 0.2286 71.3 0.00400603 51357 113.108
12500 4 0.2286 71.3 0.00400603 35543 114.258
16000 4 0.2286 71.3 0.00400603 77712 112.768
20000 4 0.2286 71.3 0.00400603 44765 109.638
400 4 0.2286 55.5 0.0042862 15254 123.274
500 4 0.2286 55.5 0.0042862 77694 127.314
630 4 0.2286 55.5 0.0042862 53139 129.964
800 4 0.2286 55.5 0.0042862 82152 131.864
1000 4 0.2286 55.5 0.0042862 66841 132.134
1250 4 0.2286 55.5 0.0042862 51970 131.264
1600 4 0.2286 55.5 0.0042862 89296 128.264
2000 4 0.2286 55.5 0.0042862 88626 124.254
2500 4 0.2286 55.5 0.0042862 37697 122.384
3150 4 0.2286 55.5 0.0042862 76838 122.394
4000 4 0.2286 55.5 0.0042862 39862 120.654
5000 4 0.2286 55.5 0.0042862 86443 120.034
6300 4 0.2286 55.5 0.0042862 52634 117.154
8000 4 0.2286 55.5 0.0042862 20996 112.524
315 4 0.2286 39.6 0.00473801 42106 122.229
400 4 0.2286 39.6 0.00473801 97734 123.879
500 4 0.2286 39.6 0.00473801 99 127.039
630 4 0.2286 39.6 0.00473801 35426 129.579
800 4 0.2286 39.6 0.00473801 83 130.469
1000 4 0.2286 39.6 0.00473801 93951 129.969
1250 4 0.2286 39.6 0.00473801 81633 128.339
1600 4 0.2286 39.6 0.00473801 76830 125.319
2000 4 0.2286 39.6 0.00473801 7 121.659
2500 4 0.2286 39.6 0.00473801 44491 119.649
3150 4 0.2286 39.6 0.00473801 96616 120.419
4000 4 0.2286 39.6 0.00473801 45651 119.159
5000 4 0.2286 39.6 0.00473801 95948 117.649
6300 4 0.2286 39.6 0.00473801 98462 114.249
8000 4 0.2286 39.6 0.00473801 98718 113.129
250 4 0.2286 31.7 0.00509068 88253 120.189
315 4 0.2286 31.7 0.00509068 21515 123.609
400 4 0.2286 31.7 0.00509068 41764 126.149
500 4 0.2286 31.7 0.00509068 62432 128.939
630 4 0.2286 31.7 0.00509068 67161 130.349
800 4 0.2286 31.7 0.00509068 77185 130.869
1000 4 0.2286 31.7 0.00509068 78261 129.869
1250 4 0.2286 31.7 0.00509068 93333 128.119
1600 4 0.2286 31.7 0.00509068 55205 125.229
2000 4 0.2286 31.7 0.00509068 37668 122.089
2500 4 0.2286 31.7 0.00509068 67402 120.209
3150 4 0.2286 31.7 0.00509068 86262 120.229
4000 4 0.2286 31.7 0.00509068 10943 118.859
5000 4 0.2286 31.7 0.00509068 34079 115.969
6300 4 0.2286 31.7 0.00509068 44584 112.699
400 5.3 0.2286 71.3 0.0051942 63992 127.700
500 5.3 0.2286 71.3 0.0051942 69794 129.880
630 5.3 0.2286 71.3 0.0051942 88144 131.800
800 5.3 0.2286 71.3 0.0051942 62036 133.480
1000 5.3 0.2286 71.3 0.0051942 36202 134.000
1250 5.3 0.2286 71.3 0.0051942 57226 133.380
1600 5.3 0.2286 71.3 0.0051942 50590 130.460
2000 5.3 0.2286 71.3 0.0051942 91858 125.890
2500 5.3 0.2286 71.3 0.0051942 51355 123.740
3150 5.3 0.2286 71.3 0.0051942 50832 123.120
4000 5.3 0.2286 71.3 0.0051942 72477 120.330
5000 5.3 0.2286 71.3 0.0051942 13137 118.050
6300 5.3 0.2286 71.3 0.0051942 21826 116.920
8000 5.3 0.2286 71.3 0.0051942 54094 114.900
10000 5.3 0.2286 71.3 0.0051942 19046 111.350
250 5.3 0.2286 39.6 0.00614329 83523 127.011
315 5.3 0.2286 39.6 0.00614329 71114 129.691
400 5.3 0.2286 39.6 0.00614329 51747 131.221
500 5.3 0.2286 39.6 0.00614329 18180 132.251
630 5.3 0.2286 39.6 0.00614329 91604 132.011
800 5.3 0.2286 39.6 0.00614329 25286 129.491
1000 5.3 0.2286 39.6 0.00614329 70948 125.581
1250 5.3 0.2286 39.6 0.00614329 40591 125.721
1600 5.3 0.2286 39.6 0.00614329 58442 123.081
2000 5.3 0.2286 39.6 0.00614329 82372 117.911
2500 5.3 0.2286 39.6 0.00614329 83773 116.151
3150 5.3 0.2286 39.6 0.00614329 95630 118.441
4000 5.3 0.2286 39.6 0.00614329 22972 115.801
5000 5.3 0.2286 39.6 0.00614329 52884 115.311
6300 5.3 0.2286 39.6 0.00614329 84711 112.541
200 7.3 0.2286 71.3 0.0104404 41706 138.758
250 7.3 0.2286 71.3 0.0104404 10413 139.918
315 7.3 0.2286 71.3 0.0104404 27910 139.808
400 7.3 0.2286 71.3 0.0104404 35956 139.438
500 7.3 0.2286 71.3 0.0104404 68325 136.798
630 7.3 0.2286 71.3 0.0104404 62687 133.768
800 7.3 0.2286 71.3 0.0104404 28968 130.748
1000 7.3 0.2286 71.3 0.0104404 65344 126.838
1250 7.3 0.2286 71.3 0.0104404 76159 127.358
1600 7.3 0.2286 71.3 0.0104404 19577 125.728
2000 7.3 0.2286 71.3 0.0104404 39034 122.708
2500 7.3 0.2286 71.3 0.0104404 83135 122.088
3150 7.3 0.2286 71.3 0.0104404 99704 120.458
4000 7.3 0.2286 71.3 0.0104404 36814 119.208
5000 7.3 0.2286 71.3 0.0104404 15174 115.298
6300 7.3 0.2286 71.3 0.0104404 89376 115.818
200 7.3 0.2286 55.5 0.0111706 51572 135.234
250 7.3 0.2286 55.5 0.0111706 67222 136.384
315 7.3 0.2286 55.5 0.0111706 78565 136.284
400 7.3 0.2286 55.5 0.0111706 38034 135.924
500 7.3 0.2286 55.5 0.0111706 25195 133.174
630 7.3 0.2286 55.5 0.0111706 2699 130.934
800 7.3 0.2286 55.5 0.0111706 1479 128.444
1000 7.3 0.2286 55.5 0.0111706 7903 125.194
1250 7.3 0.2286 55.5 0.0111706 3227 125.724
1600 7.3 0.2286 55.5 0.0111706 4365 123.354
2000 7.3 0.2286 55.5 0.0111706 1592 120.354
2500 7.3 0.2286 55.5 0.0111706 4465 118.994
3150 7.3 0.2286 55.5 0.0111706 6700 117.134
4000 7.3 0.2286 55.5 0.0111706 1704 117.284
5000 7.3 0.2286 55.5 0.0111706 3074 113.144
6300 7.3 0.2286 55.5 0.0111706 5404 111.534
200 7.3 0.2286 39.6 0.0123481 7429 130.989
250 7.3 0.2286 39.6 0.0123481 5090 131.889
315 7.3 0.2286 39.6 0.0123481 6568 132.149
400 7.3 0.2286 39.6 0.0123481 2765 132.039
500 7.3 0.2286 39.6 0.0123481 5754 130.299
630 7.3 0.2286 39.6 0.0123481 4312 128.929
800 7.3 0.2286 39.6 0.0123481 1602 126.299
1000 7.3 0.2286 39.6 0.0123481 2865 122.539
1250 7.3 0.2286 39.6 0.0123481 6921 123.189
1600 7.3 0.2286 39.6 0.0123481 2512 121.059
2000 7.3 0.2286 39.6 0.0123481 7492 117.809
2500 7.3 0.2286 39.6 0.0123481 6080 116.559
3150 7.3 0.2286 39.6 0.0123481 3538 114.309
4000 7.3 0.2286 39.6 0.0123481 8282 114.079
5000 7.3 0.2286 39.6 0.0123481 6436 111.959
6300 7.3 0.2286 39.6 0.0123481 5401 110.839
200 7.3 0.2286 31.7 0.0132672 6891 128.679
250 7.3 0.2286 31.7 0.0132672 43206 130.089
315 7.3 0.2286 31.7 0.0132672 71835 130.239
400 7.3 0.2286 31.7 0.0132672 67449 130.269
500 7.3 0.2286 31.7 0.0132672 25584 128.169
630 7.3 0.2286 31.7 0.0132672 15856 126.189
800 7.3 0.2286 31.7 0.0132672 29752 123.209
1000 7.3 0.2286 31.7 0.0132672 84895 119.099
1250 7.3 0.2286 31.7 0.0132672 71915 120.509
1600 7.3 0.2286 31.7 0.0132672 51583 119.039
2000 7.3 0.2286 31.7 0.0132672 47278 115.309
2500 7.3 0.2286 31.7 0.0132672 64998 114.709
3150 7.3 0.2286 31.7 0.0132672 86911 113.229
4000 7.3 0.2286 31.7 0.0132672 83404 112.639
5000 7.3 0.2286 31.7 0.0132672 29386 111.029
6300 7.3 0.2286 31.7 0.0132672 75886 110.689
800 0 0.1524 71.3 0.0015988 36185 125.817
1000 0 0.1524 71.3 0.0015988 68182 127.307
1250 0 0.1524 71.3 0.0015988 92783 128.927
1600 0 0.1524 71.3 0.0015988 48276 129.667
2000 0 0.1524 71.3 0.0015988 67686 128.647
2500 0 0.1524 71.3 0.0015988 10656 128.127
3150 0 0.1524 71.3 0.0015988 47363 129.377
4000 0 0.1524 71.3 0.0015988 55491 128.857
5000 0 0.1524 71.3 0.0015988 26925 126.457
6300 0 0.1524 71.3 0.0015988 80981 125.427
8000 0 0.1524 71.3 0.0015988 54631 122.527
10000 0 0.1524 71.3 0.0015988 51251 120.247
12500 0 0.1524 71.3 0.0015988 99283 117.087
16000 0 0.1524 71.3 0.0015988 84137 113.297
500 0 0.1524 55.5 0.00172668 88074 120.573
630 0 0.1524 55.5 0.00172668 59989 123.583
800 0 0.1524 55.5 0.00172668 52347 126.713
1000 0 0.1524 55.5 0.00172668 28230 128.583
1250 0 0.1524 55.5 0.00172668 88534 129.953
1600 0 0.1524 55.5 0.00172668 89862 130.183
2000 0 0.1524 55.5 0.00172668 50992 129.673
2500 0 0.1524 55.5 0.00172668 76962 127.763
3150 0 0.1524 55.5 0.00172668 73157 127.753
4000 0 0.1524 55.5 0.00172668 73073 127.233
5000 0 0.1524 55.5 0.00172668 75195 125.203
6300 0 0.1524 55.5 0.00172668 18658 123.303
8000 0 0.1524 55.5 0.00172668 97978 121.903
10000 0 0.1524 55.5 0.00172668 72180 119.253
12500 0 0.1524 55.5 0.00172668 89316 117.093
16000 0 0.1524 55.5 0.00172668 54863 112.803
500 0 0.1524 39.6 0.00193287 32737 119.513
630 0 0.1524 39.6 0.00193287 65990 124.403
800 0 0.1524 39.6 0.00193287 98488 127.903
1000 0 0.1524 39.6 0.00193287 53347 130.033
1250 0 0.1524 39.6 0.00193287 78911 131.023
1600 0 0.1524 39.6 0.00193287 30678 131.013
2000 0 0.1524 39.6 0.00193287 28859 129.633
2500 0 0.1524 39.6 0.00193287 34812 126.863
3150 0 0.1524 39.6 0.00193287 33871 125.603
4000 0 0.1524 39.6 0.00193287 76852 125.343
5000 0 0.1524 39.6 0.00193287 78879 123.453
6300 0 0.1524 39.6 0.00193287 55041 121.313
8000 0 0.1524 39.6 0.00193287 54893 120.553
10000 0 0.1524 39.6 0.00193287 58519 115.413
500 0 0.1524 31.7 0.00209405 60156 121.617
630 0 0.1524 31.7 0.00209405 83901 125.997
800 0 0.1524 31.7 0.00209405 70399 129.117
1000 0 0.1524 31.7 0.00209405 69270 130.987
1250 0 0.1524 31.7 0.00209405 72274 131.467
1600 0 0.1524 31.7 0.00209405 69570 130.817
2000 0 0.1524 31.7 0.00209405 92578 128.907
2500 0 0.1524 31.7 0.00209405 27025 125.867
3150 0 0.1524 31.7 0.00209405 76216 124.207
4000 0 0.1524 31.7 0.00209405 97512 123.807
5000 0 0.1524 31.7 0.00209405 24149 122.397
6300 0 0.1524 31.7 0.00209405 42349 119.737
8000 0 0.1524 31.7 0.00209405 88494 117.957
630 2.7 0.1524 71.3 0.00243851 50813 127.404
800 2.7 0.1524 71.3 0.00243851 97189 127.394
1000 2.7 0.1524 71.3 0.00243851 37577 128.774
1250 2.7 0.1524 71.3 0.00243851 44323 130.144
1600 2.7 0.1524 71.3 0.00243851 34986 130.644
2000 2.7 0.1524 71.3 0.00243851 74971 130.114
2500 2.7 0.1524 71.3 0.00243851 48692 128.334
3150 2.7 0.1524 71.3 0.00243851 30114 127.054
4000 2.7 0.1524 71.3 0.00243851 30009 126.534
5000 2.7 0.1524 71.3 0.00243851 46243 124.364
6300 2.7 0.1524 71.3 0.00243851 38322 121.944
8000 2.7 0.1524 71.3 0.00243851 21200 120.534
10000 2.7 0.1524 71.3 0.00243851 26629 116.724
12500 2.7 0.1524 71.3 0.00243851 88557 113.034
16000 2.7 0.1524 71.3 0.00243851 86363 110.364
500 2.7 0.1524 39.6 0.00294804 49428 121.009
630 2.7 0.1524 39.6 0.00294804 16254 125.809
800 2.7 0.1524 39.6 0.00294804 50635 128.829
1000 2.7 0.1524 39.6 0.00294804 12712 130.589
1250 2.7 0.1524 39.6 0.00294804 97130 130.829
1600 2.7 0.1524 39.6 0.00294804 57281 130.049
2000 2.7 0.1524 39.6 0.00294804 58068 128.139
2500 2.7 0.1524 39.6 0.00294804 49102 125.589
3150 2.7 0.1524 39.6 0.00294804 72002 122.919
4000 2.7 0.1524 39.6 0.00294804 35754 121.889
5000 2.7 0.1524 39.6 0.00294804 94448 121.499
6300 2.7 0.1524 39.6 0.00294804 96921 119.209
8000 2.7 0.1524 39.6 0.00294804 86987 116.659
10000 2.7 0.1524 39.6 0.00294804 00514 112.589
12500 2.7 0.1524 39.6 0.00294804 96089 108.649
400 5.4 0.1524 71.3 0.00401199 28602 124.121
500 5.4 0.1524 71.3 0.00401199 71523 126.291
630 5.4 0.1524 71.3 0.00401199 20832 128.971
800 5.4 0.1524 71.3 0.00401199 54651 131.281
1000 5.4 0.1524 71.3 0.00401199 81948 133.201
1250 5.4 0.1524 71.3 0.00401199 59958 134.111
1600 5.4 0.1524 71.3 0.00401199 87484 133.241
2000 5.4 0.1524 71.3 0.00401199 17884 131.111
2500 5.4 0.1524 71.3 0.00401199 13858 127.591
3150 5.4 0.1524 71.3 0.00401199 80724 123.311
4000 5.4 0.1524 71.3 0.00401199 97081 121.431
5000 5.4 0.1524 71.3 0.00401199 77528 120.061
6300 5.4 0.1524 71.3 0.00401199 38193 116.411
400 5.4 0.1524 55.5 0.00433288 11174 126.807
500 5.4 0.1524 55.5 0.00433288 29600 129.367
630 5.4 0.1524 55.5 0.00433288 85632 131.807
800 5.4 0.1524 55.5 0.00433288 50873 133.097
1000 5.4 0.1524 55.5 0.00433288 84081 132.127
1250 5.4 0.1524 55.5 0.00433288 52605 130.777
1600 5.4 0.1524 55.5 0.00433288 36852 130.567
2000 5.4 0.1524 55.5 0.00433288 94539 128.707
2500 5.4 0.1524 55.5 0.00433288 47810 124.077
3150 5.4 0.1524 55.5 0.00433288 31136 121.587
4000 5.4 0.1524 55.5 0.00433288 36720 119.737
5000 5.4 0.1524 55.5 0.00433288 18658 118.757
6300 5.4 0.1524 55.5 0.00433288 98137 117.287
8000 5.4 0.1524 55.5 0.00433288 98076 114.927
315 5.4 0.1524 39.6 0.00485029 74478 125.347
400 5.4 0.1524 39.6 0.00485029 35400 127.637
500 5.4 0.1524 39.6 0.00485029 21741 129.937
630 5.4 0.1524 39.6 0.00485029 56667 132.357
800 5.4 0.1524 39.6 0.00485029 68031 132.757
1000 5.4 0.1524 39.6 0.00485029 99467 130.507
1250 5.4 0.1524 39.6 0.00485029 45989 127.117
1600 5.4 0.1524 39.6 0.00485029 14838 126.267
2000 5.4 0.1524 39.6 0.00485029 24713 124.647
2500 5.4 0.1524 39.6 0.00485029 43814 120.497
3150 5.4 0.1524 39.6 0.00485029 46834 119.137
4000 5.4 0.1524 39.6 0.00485029 70893 117.137
5000 5.4 0.1524 39.6 0.00485029 27531 117.037
6300 5.4 0.1524 39.6 0.00485029 67214 116.677
315 5.4 0.1524 31.7 0.00525474 85011 125.741
400 5.4 0.1524 31.7 0.00525474 27902 127.781
500 5.4 0.1524 31.7 0.00525474 63054 129.681
630 5.4 0.1524 31.7 0.00525474 61583 131.471
800 5.4 0.1524 31.7 0.00525474 12288 131.491
1000 5.4 0.1524 31.7 0.00525474 82691 128.241
1250 5.4 0.1524 31.7 0.00525474 49853 123.991
1600 5.4 0.1524 31.7 0.00525474 91349 123.761
2000 5.4 0.1524 31.7 0.00525474 18097 122.771
2500 5.4 0.1524 31.7 0.00525474 74770 119.151
3150 5.4 0.1524 31.7 0.00525474 40901 118.291
4000 5.4 0.1524 31.7 0.00525474 91086 116.181
5000 5.4 0.1524 31.7 0.00525474 71932 115.691
6300 5.4 0.1524 31.7 0.00525474 85560 115.591
315 7.2 0.1524 71.3 0.00752039 20042 128.713
400 7.2 0.1524 71.3 0.00752039 99831 130.123
500 7.2 0.1524 71.3 0.00752039 77476 132.043
630 7.2 0.1524 71.3 0.00752039 68579 134.853
800 7.2 0.1524 71.3 0.00752039 31046 136.023
1000 7.2 0.1524 71.3 0.00752039 66886 134.273
1250 7.2 0.1524 71.3 0.00752039 34899 132.513
1600 7.2 0.1524 71.3 0.00752039 12673 130.893
2000 7.2 0.1524 71.3 0.00752039 70527 128.643
2500 7.2 0.1524 71.3 0.00752039 74868 124.353
3150 7.2 0.1524 71.3 0.00752039 73288 116.783
4000 7.2 0.1524 71.3 0.00752039 87002 119.343
5000 7.2 0.1524 71.3 0.00752039 66528 118.343
6300 7.2 0.1524 71.3 0.00752039 76258 116.603
8000 7.2 0.1524 71.3 0.00752039 75225 113.333
10000 7.2 0.1524 71.3 0.00752039 65484 110.313
250 7.2 0.1524 39.6 0.00909175 76211 127.488
315 7.2 0.1524 39.6 0.00909175 26268 130.558
400 7.2 0.1524 39.6 0.00909175 33296 132.118
500 7.2 0.1524 39.6 0.00909175 34862 132.658
630 7.2 0.1524 39.6 0.00909175 70958 133.198
800 7.2 0.1524 39.6 0.00909175 73957 132.358
1000 7.2 0.1524 39.6 0.00909175 76424 128.338
1250 7.2 0.1524 39.6 0.00909175 70242 122.428
1600 7.2 0.1524 39.6 0.00909175 72980 120.058
2000 7.2 0.1524 39.6 0.00909175 17481 120.228
2500 7.2 0.1524 39.6 0.00909175 14233 117.478
3150 7.2 0.1524 39.6 0.00909175 36801 111.818
4000 7.2 0.1524 39.6 0.00909175 46927 114.258
5000 7.2 0.1524 39.6 0.00909175 97551 113.288
6300 7.2 0.1524 39.6 0.00909175 22461 112.688
8000 7.2 0.1524 39.6 0.00909175 37564 111.588
10000 7.2 0.1524 39.6 0.00909175 55655 110.868
200 9.9 0.1524 71.3 0.0193001 46620 134.319
250 9.9 0.1524 71.3 0.0193001 92899 135.329
315 9.9 0.1524 71.3 0.0193001 27898 135.459
400 9.9 0.1524 71.3 0.0193001 46870 135.079
500 9.9 0.1524 71.3 0.0193001 11919 131.279
630 9.9 0.1524 71.3 0.0193001 18428 129.889
800 9.9 0.1524 71.3 0.0193001 25933 128.879
1000 9.9 0.1524 71.3 0.0193001 66843 126.349
1250 9.9 0.1524 71.3 0.0193001 34483 122.679
1600 9.9 0.1524 71.3 0.0193001 36597 121.789
2000 9.9 0.1524 71.3 0.0193001 65886 120.779
2500 9.9 0.1524 71.3 0.0193001 70258 119.639
3150 9.9 0.1524 71.3 0.0193001 10092 116.849
4000 9.9 0.1524 71.3 0.0193001 42727 115.079
5000 9.9 0.1524 71.3 0.0193001 51796 114.569
6300 9.9 0.1524 71.3 0.0193001 60987 112.039
200 9.9 0.1524 55.5 0.0208438 48248 131.955
250 9.9 0.1524 55.5 0.0208438 28165 133.235
315 9.9 0.1524 55.5 0.0208438 92280 132.355
400 9.9 0.1524 55.5 0.0208438 39420 131.605
500 9.9 0.1524 55.5 0.0208438 27399 127.815
630 9.9 0.1524 55.5 0.0208438 41997 127.315
800 9.9 0.1524 55.5 0.0208438 92037 126.565
1000 9.9 0.1524 55.5 0.0208438 89586 124.665
1250 9.9 0.1524 55.5 0.0208438 21496 121.635
1600 9.9 0.1524 55.5 0.0208438 45645 119.875
2000 9.9 0.1524 55.5 0.0208438 53550 119.505
2500 9.9 0.1524 55.5 0.0208438 51905 118.365
3150 9.9 0.1524 55.5 0.0208438 18724 115.085
4000 9.9 0.1524 55.5 0.0208438 38489 112.945
5000 9.9 0.1524 55.5 0.0208438 96743 112.065
6300 9.9 0.1524 55.5 0.0208438 24784 110.555
200 9.9 0.1524 39.6 0.0233328 56906 127.315
250 9.9 0.1524 39.6 0.0233328 69191 128.335
315 9.9 0.1524 39.6 0.0233328 99188 128.595
400 9.9 0.1524 39.6 0.0233328 89295 128.345
500 9.9 0.1524 39.6 0.0233328 60768 126.835
630 9.9 0.1524 39.6 0.0233328 82078 126.465
800 9.9 0.1524 39.6 0.0233328 66494 126.345
1000 9.9 0.1524 39.6 0.0233328 31440 123.835
1250 9.9 0.1524 39.6 0.0233328 48072 120.555
1600 9.9 0.1524 39.6 0.0233328 52049 118.545
2000 9.9 0.1524 39.6 0.0233328 93510 117.925
2500 9.9 0.1524 39.6 0.0233328 68178 116.295
3150 9.9 0.1524 39.6 0.0233328 97387 113.525
4000 9.9 0.1524 39.6 0.0233328 46544 112.265
5000 9.9 0.1524 39.6 0.0233328 56059 111.135
6300 9.9 0.1524 39.6 0.0233328 37481 109.885
200 9.9 0.1524 31.7 0.0252785 32714 127.299
250 9.9 0.1524 31.7 0.0252785 33251 128.559
315 9.9 0.1524 31.7 0.0252785 77589 128.809
400 9.9 0.1524 31.7 0.0252785 65711 128.939
500 9.9 0.1524 31.7 0.0252785 14034 127.179
630 9.9 0.1524 31.7 0.0252785 37928 126.049
800 9.9 0.1524 31.7 0.0252785 46284 125.539
1000 9.9 0.1524 31.7 0.0252785 34274 122.149
1250 9.9 0.1524 31.7 0.0252785 82893 118.619
1600 9.9 0.1524 31.7 0.0252785 23564 117.119
2000 9.9 0.1524 31.7 0.0252785 97660 116.859
2500 9.9 0.1524 31.7 0.0252785 15572 114.729
3150 9.9 0.1524 31.7 0.0252785 26856 112.209
4000 9.9 0.1524 31.7 0.0252785 24208 111.459
5000 9.9 0.1524 31.7 0.0252785 46652 109.949
6300 9.9 0.1524 31.7 0.0252785 52903 108.689
200 12.6 0.1524 71.3 0.0483159 95168 128.354
250 12.6 0.1524 71.3 0.0483159 71497 129.744
315 12.6 0.1524 71.3 0.0483159 20446 128.484
400 12.6 0.1524 71.3 0.0483159 53634 127.094
500 12.6 0.1524 71.3 0.0483159 91787 121.664
630 12.6 0.1524 71.3 0.0483159 77035 123.304
800 12.6 0.1524 71.3 0.0483159 88884 123.054
1000 12.6 0.1524 71.3 0.0483159 19843 122.044
1250 12.6 0.1524 71.3 0.0483159 61147 120.154
1600 12.6 0.1524 71.3 0.0483159 77125 120.534
2000 12.6 0.1524 71.3 0.0483159 46179 117.504
2500 12.6 0.1524 71.3 0.0483159 38793 115.234
3150 12.6 0.1524 71.3 0.0483159 17514 113.334
4000 12.6 0.1524 71.3 0.0483159 96816 108.034
5000 12.6 0.1524 71.3 0.0483159 80497 108.034
6300 12.6 0.1524 71.3 0.0483159 13367 107.284
200 12.6 0.1524 39.6 0.0584113 67281 114.750
250 12.6 0.1524 39.6 0.0584113 21251 115.890
315 12.6 0.1524 39.6 0.0584113 52331 116.020
400 12.6 0.1524 39.6 0.0584113 54619 115.910
500 12.6 0.1524 39.6 0.0584113 86877 114.900
630 12.6 0.1524 39.6 0.0584113 55245 116.550
800 12.6 0.1524 39.6 0.0584113 40280 116.560
1000 12.6 0.1524 39.6 0.0584113 56595 114.670
1250 12.6 0.1524 39.6 0.0584113 70047 112.160
1600 12.6 0.1524 39.6 0.0584113 51603 110.780
2000 12.6 0.1524 39.6 0.0584113 27094 109.520
2500 12.6 0.1524 39.6 0.0584113 69302 106.880
3150 12.6 0.1524 39.6 0.0584113 60938 106.260
4000 12.6 0.1524 39.6 0.0584113 78466 104.500
5000 12.6 0.1524 39.6 0.0584113 23028 104.130
6300 12.6 0.1524 39.6 0.0584113 19982 103.380
800 0 0.0508 71.3 0.000740478 37937 130.960
1000 0 0.0508 71.3 0.000740478 72493 129.450
1250 0 0.0508 71.3 0.000740478 95978 128.560
1600 0 0.0508 71.3 0.000740478 19360 129.680
2000 0 0.0508 71.3 0.000740478 69715 131.060
2500 0 0.0508 71.3 0.000740478 25140 131.310
3150 0 0.0508 71.3 0.000740478 54078 135.070
4000 0 0.0508 71.3 0.000740478 39442 134.430
5000 0 0.0508 71.3 0.000740478 90521 134.430
6300 0 0.0508 71.3 0.000740478 10952 133.040
8000 0 0.0508 71.3 0.000740478 58408 130.890
10000 0 0.0508 71.3 0.000740478 50649 128.740
12500 0 0.0508 71.3 0.000740478 40536 125.220
800 0 0.0508 55.5 0.00076193 86189 124.336
1000 0 0.0508 55.5 0.00076193 95528 125.586
1250 0 0.0508 55.5 0.00076193 64145 127.076
1600 0 0.0508 55.5 0.00076193 44191 128.576
2000 0 0.0508 55.5 0.00076193 62551 131.456
2500 0 0.0508 55.5 0.00076193 21201 133.956
3150 0 0.0508 55.5 0.00076193 46668 134.826
4000 0 0.0508 55.5 0.00076193 20967 134.946
5000 0 0.0508 55.5 0.00076193 96467 134.556
6300 0 0.0508 55.5 0.00076193 33070 132.796
8000 0 0.0508 55.5 0.00076193 93933 130.156
10000 0 0.0508 55.5 0.00076193 70473 127.636
12500 0 0.0508 55.5 0.00076193 93944 125.376
800 0 0.0508 39.6 0.000791822 54582 126.508
1000 0 0.0508 39.6 0.000791822 96123 127.638
1250 0 0.0508 39.6 0.000791822 16943 129.148
1600 0 0.0508 39.6 0.000791822 52276 130.908
2000 0 0.0508 39.6 0.000791822 42913 132.918
2500 0 0.0508 39.6 0.000791822 28890 134.938
3150 0 0.0508 39.6 0.000791822 35410 135.938
4000 0 0.0508 39.6 0.000791822 66686 135.308
5000 0 0.0508 39.6 0.000791822 15229 134.308
6300 0 0.0508 39.6 0.000791822 98124 131.918
8000 0 0.0508 39.6 0.000791822 37092 128.518
10000 0 0.0508 39.6 0.000791822 60224 125.998
12500 0 0.0508 39.6 0.000791822 60279 123.988
800 0 0.0508 31.7 0.000812164 26074 122.790
1000 0 0.0508 31.7 0.000812164 29204 126.780
1250 0 0.0508 31.7 0.000812164 13259 129.270
1600 0 0.0508 31.7 0.000812164 75380 131.010
2000 0 0.0508 31.7 0.000812164 15861 133.010
2500 0 0.0508 31.7 0.000812164 81125 134.870
3150 0 0.0508 31.7 0.000812164 70567 135.490
4000 0 0.0508 31.7 0.000812164 76261 134.110
5000 0 0.0508 31.7 0.000812164 77883 133.230
6300 0 0.0508 31.7 0.000812164 51432 130.340
8000 0 0.0508 31.7 0.000812164 81546 126.590
10000 0 0.0508 31.7 0.000812164 41045 122.450
12500 0 0.0508 31.7 0.000812164 15187 119.070
1600 4.2 0.0508 71.3 0.00142788 61381 124.318
2000 4.2 0.0508 71.3 0.00142788 50139 129.848
2500 4.2 0.0508 71.3 0.00142788 27162 131.978
3150 4.2 0.0508 71.3 0.00142788 94189 133.728
4000 4.2 0.0508 71.3 0.00142788 55557 133.598
5000 4.2 0.0508 71.3 0.00142788 10658 132.828
6300 4.2 0.0508 71.3 0.00142788 24149 129.308
8000 4.2 0.0508 71.3 0.00142788 82740 125.268
10000 4.2 0.0508 71.3 0.00142788 30016 121.238
12500 4.2 0.0508 71.3 0.00142788 35588 117.328
1000 4.2 0.0508 39.6 0.00152689 25671 125.647
1250 4.2 0.0508 39.6 0.00152689 96438 128.427
1600 4.2 0.0508 39.6 0.00152689 74333 130.197
2000 4.2 0.0508 39.6 0.00152689 75317 132.587
2500 4.2 0.0508 39.6 0.00152689 36267 133.847
3150 4.2 0.0508 39.6 0.00152689 30863 133.587
4000 4.2 0.0508 39.6 0.00152689 49466 131.807
5000 4.2 0.0508 39.6 0.00152689 92512 129.777
6300 4.2 0.0508 39.6 0.00152689 77140 125.717
8000 4.2 0.0508 39.6 0.00152689 42610 120.397
10000 4.2 0.0508 39.6 0.00152689 43564 116.967
800 8.4 0.0508 71.3 0.00529514 68354 127.556
1000 8.4 0.0508 71.3 0.00529514 73243 129.946
1250 8.4 0.0508 71.3 0.00529514 69433 132.086
1600 8.4 0.0508 71.3 0.00529514 70291 133.846
2000 8.4 0.0508 71.3 0.00529514 37486 134.476
2500 8.4 0.0508 71.3 0.00529514 69970 134.226
3150 8.4 0.0508 71.3 0.00529514 66097 131.966
4000 8.4 0.0508 71.3 0.00529514 43960 126.926
5000 8.4 0.0508 71.3 0.00529514 61101 121.146
400 8.4 0.0508 55.5 0.00544854 81328 121.582
500 8.4 0.0508 55.5 0.00544854 52721 123.742
630 8.4 0.0508 55.5 0.00544854 30809 126.152
800 8.4 0.0508 55.5 0.00544854 91041 128.562
1000 8.4 0.0508 55.5 0.00544854 82242 130.722
1250 8.4 0.0508 55.5 0.00544854 33247 132.252
1600 8.4 0.0508 55.5 0.00544854 68046 133.032
2000 8.4 0.0508 55.5 0.00544854 23700 133.042
2500 8.4 0.0508 55.5 0.00544854 500789 131.542
3150 8.4 0.0508 55.5 0.00544854 261030 128.402
4000 8.4 0.0508 55.5 0.00544854 388892 122.612
5000 8.4 0.0508 55.5 0.00544854 220977 115.812
400 8.4 0.0508 39.6 0.00566229 839220 120.015
500 8.4 0.0508 39.6 0.00566229 897278 122.905
630 8.4 0.0508 39.6 0.00566229 429434 126.045
800 8.4 0.0508 39.6 0.00566229 575703 128.435
1000 8.4 0.0508 39.6 0.00566229 769109 130.195
1250 8.4 0.0508 39.6 0.00566229 233097 131.205
1600 8.4 0.0508 39.6 0.00566229 928048 130.965
2000 8.4 0.0508 39.6 0.00566229 272808 129.965
2500 8.4 0.0508 39.6 0.00566229 750805 127.465
3150 8.4 0.0508 39.6 0.00566229 847606 123.965
4000 8.4 0.0508 39.6 0.00566229 236838 118.955
400 8.4 0.0508 31.7 0.00580776 337891 120.076
500 8.4 0.0508 31.7 0.00580776 153121 122.966
630 8.4 0.0508 31.7 0.00580776 403939 125.856
800 8.4 0.0508 31.7 0.00580776 829701 128.246
1000 8.4 0.0508 31.7 0.00580776 736618 129.516
1250 8.4 0.0508 31.7 0.00580776 698211 130.156
1600 8.4 0.0508 31.7 0.00580776 659418 129.296
2000 8.4 0.0508 31.7 0.00580776 446061 127.686
2500 8.4 0.0508 31.7 0.00580776 721782 125.576
3150 8.4 0.0508 31.7 0.00580776 193869 122.086
4000 8.4 0.0508 31.7 0.00580776 371925 118.106
200 11.2 0.0508 71.3 0.014072 141685 125.941
250 11.2 0.0508 71.3 0.014072 509970 127.101
315 11.2 0.0508 71.3 0.014072 807716 128.381
400 11.2 0.0508 71.3 0.014072 342056 129.281
500 11.2 0.0508 71.3 0.014072 600681 130.311
630 11.2 0.0508 71.3 0.014072 516011 133.611
800 11.2 0.0508 71.3 0.014072 963910 136.031
1000 11.2 0.0508 71.3 0.014072 481345 136.941
1250 11.2 0.0508 71.3 0.014072 877870 136.191
1600 11.2 0.0508 71.3 0.014072 241587 135.191
2000 11.2 0.0508 71.3 0.014072 884501 133.311
2500 11.2 0.0508 71.3 0.014072 168914 130.541
3150 11.2 0.0508 71.3 0.014072 522389 127.141
4000 11.2 0.0508 71.3 0.014072 773677 122.471
200 11.2 0.0508 39.6 0.0150478 158213 125.010
250 11.2 0.0508 39.6 0.0150478 326459 126.430
315 11.2 0.0508 39.6 0.0150478 166512 128.990
400 11.2 0.0508 39.6 0.0150478 837946 130.670
500 11.2 0.0508 39.6 0.0150478 404461 131.960
630 11.2 0.0508 39.6 0.0150478 292478 133.130
800 11.2 0.0508 39.6 0.0150478 712340 133.790
1000 11.2 0.0508 39.6 0.0150478 707057 132.430
1250 11.2 0.0508 39.6 0.0150478 294132 130.050
1600 11.2 0.0508 39.6 0.0150478 789185 126.540
2000 11.2 0.0508 39.6 0.0150478 216247 124.420
2500 11.2 0.0508 39.6 0.0150478 596356 122.170
3150 11.2 0.0508 39.6 0.0150478 545003 119.670
4000 11.2 0.0508 39.6 0.0150478 195766 115.520
200 15.4 0.0508 71.3 0.0264269 931598 123.595
250 15.4 0.0508 71.3 0.0264269 564394 124.835
315 15.4 0.0508 71.3 0.0264269 966803 126.195
400 15.4 0.0508 71.3 0.0264269 328997 126.805
500 15.4 0.0508 71.3 0.0264269 834999 127.285
630 15.4 0.0508 71.3 0.0264269 289134 129.645
800 15.4 0.0508 71.3 0.0264269 137612 131.515
1000 15.4 0.0508 71.3 0.0264269 509181 131.865
1250 15.4 0.0508 71.3 0.0264269 575958 130.845
1600 15.4 0.0508 71.3 0.0264269 506011 130.065
2000 15.4 0.0508 71.3 0.0264269 908042 129.285
2500 15.4 0.0508 71.3 0.0264269 280394 127.625
3150 15.4 0.0508 71.3 0.0264269 333834 125.715
4000 15.4 0.0508 71.3 0.0264269 900691 122.675
5000 15.4 0.0508 71.3 0.0264269 777473 119.135
6300 15.4 0.0508 71.3 0.0264269 420273 115.215
8000 15.4 0.0508 71.3 0.0264269 472039 112.675
200 15.4 0.0508 55.5 0.0271925 403372 122.940
250 15.4 0.0508 55.5 0.0271925 817071 124.170
315 15.4 0.0508 55.5 0.0271925 119529 125.390
400 15.4 0.0508 55.5 0.0271925 570697 126.500
500 15.4 0.0508 55.5 0.0271925 346051 127.220
630 15.4 0.0508 55.5 0.0271925 626928 129.330
800 15.4 0.0508 55.5 0.0271925 610959 130.430
1000 15.4 0.0508 55.5 0.0271925 361046 130.400
1250 15.4 0.0508 55.5 0.0271925 666820 130.000
1600 15.4 0.0508 55.5 0.0271925 151309 128.200
2000 15.4 0.0508 55.5 0.0271925 533590 127.040
2500 15.4 0.0508 55.5 0.0271925 803951 125.630
3150 15.4 0.0508 55.5 0.0271925 273751 123.460
4000 15.4 0.0508 55.5 0.0271925 588997 120.920
5000 15.4 0.0508 55.5 0.0271925 160810 117.110
6300 15.4 0.0508 55.5 0.0271925 358024 112.930
200 15.4 0.0508 39.6 0.0282593 261356 121.783
250 15.4 0.0508 39.6 0.0282593 691323 122.893
315 15.4 0.0508 39.6 0.0282593 449623 124.493
400 15.4 0.0508 39.6 0.0282593 835362 125.353
500 15.4 0.0508 39.6 0.0282593 509156 125.963
630 15.4 0.0508 39.6 0.0282593 918777 127.443
800 15.4 0.0508 39.6 0.0282593 275930 128.423
1000 15.4 0.0508 39.6 0.0282593 735005 127.893
1250 15.4 0.0508 39.6 0.0282593 250032 126.743
1600 15.4 0.0508 39.6 0.0282593 366053 124.843
2000 15.4 0.0508 39.6 0.0282593 216061 123.443
2500 15.4 0.0508 39.6 0.0282593 438423 122.413
3150 15.4 0.0508 39.6 0.0282593 133282 120.513
4000 15.4 0.0508 39.6 0.0282593 613588 118.113
5000 15.4 0.0508 39.6 0.0282593 294036 114.453
6300 15.4 0.0508 39.6 0.0282593 300818 109.663
200 15.4 0.0508 31.7 0.0289853 174823 119.975
250 15.4 0.0508 31.7 0.0289853 640685 121.225
315 15.4 0.0508 31.7 0.0289853 641274 122.845
400 15.4 0.0508 31.7 0.0289853 812254 123.705
500 15.4 0.0508 31.7 0.0289853 851561 123.695
630 15.4 0.0508 31.7 0.0289853 709565 124.685
800 15.4 0.0508 31.7 0.0289853 310914 125.555
1000 15.4 0.0508 31.7 0.0289853 815678 124.525
1250 15.4 0.0508 31.7 0.0289853 721116 123.255
1600 15.4 0.0508 31.7 0.0289853 810646 121.485
2000 15.4 0.0508 31.7 0.0289853 451823 120.835
2500 15.4 0.0508 31.7 0.0289853 531524 119.945
3150 15.4 0.0508 31.7 0.0289853 652367 118.045
4000 15.4 0.0508 31.7 0.0289853 938788 115.635
5000 15.4 0.0508 31.7 0.0289853 324927 112.355
6300 15.4 0.0508 31.7 0.0289853 795987 108.185
200 19.7 0.0508 71.3 0.0341183 124845 118.005
250 19.7 0.0508 71.3 0.0341183 158456 119.115
315 19.7 0.0508 71.3 0.0341183 649478 121.235
400 19.7 0.0508 71.3 0.0341183 908808 123.865
500 19.7 0.0508 71.3 0.0341183 309744 126.995
630 19.7 0.0508 71.3 0.0341183 496576 128.365
800 19.7 0.0508 71.3 0.0341183 485114 124.555
1000 19.7 0.0508 71.3 0.0341183 183713 121.885
1250 19.7 0.0508 71.3 0.0341183 335476 121.485
1600 19.7 0.0508 71.3 0.0341183 815782 120.575
2000 19.7 0.0508 71.3 0.0341183 801309 120.055
2500 19.7 0.0508 71.3 0.0341183 970099 118.385
3150 19.7 0.0508 71.3 0.0341183 540734 116.225
4000 19.7 0.0508 71.3 0.0341183 624231 113.045
200 19.7 0.0508 39.6 0.036484 949375 125.974
250 19.7 0.0508 39.6 0.036484 581464 127.224
315 19.7 0.0508 39.6 0.036484 141067 129.864
400 19.7 0.0508 39.6 0.036484 664040 130.614
500 19.7 0.0508 39.6 0.036484 866115 128.444
630 19.7 0.0508 39.6 0.036484 343120 120.324
800 19.7 0.0508 39.6 0.036484 355227 119.174
1000 19.7 0.0508 39.6 0.036484 461267 118.904
1250 19.7 0.0508 39.6 0.036484 631000 118.634
1600 19.7 0.0508 39.6 0.036484 782446 117.604
2000 19.7 0.0508 39.6 0.036484 447335 117.724
2500 19.7 0.0508 39.6 0.036484 122936 116.184
3150 19.7 0.0508 39.6 0.036484 510602 113.004
4000 19.7 0.0508 39.6 0.036484 166243 108.684
2500 0 0.0254 71.3 0.000400682 194460 133.707
3150 0 0.0254 71.3 0.000400682 744055 137.007
4000 0 0.0254 71.3 0.000400682 286307 138.557
5000 0 0.0254 71.3 0.000400682 158401 136.837
6300 0 0.0254 71.3 0.000400682 756402 134.987
8000 0 0.0254 71.3 0.000400682 728480 129.867
10000 0 0.0254 71.3 0.000400682 738275 130.787
12500 0 0.0254 71.3 0.000400682 613512 133.207
16000 0 0.0254 71.3 0.000400682 974505 130.477
20000 0 0.0254 71.3 0.000400682 527260 123.217
2000 0 0.0254 55.5 0.00041229 811642 127.623
2500 0 0.0254 55.5 0.00041229 228351 130.073
3150 0 0.0254 55.5 0.00041229 609917 130.503
4000 0 0.0254 55.5 0.00041229 298607 133.223
5000 0 0.0254 55.5 0.00041229 839319 135.803
6300 0 0.0254 55.5 0.00041229 344200 136.103
8000 0 0.0254 55.5 0.00041229 811227 136.163
10000 0 0.0254 55.5 0.00041229 530430 134.563
12500 0 0.0254 55.5 0.00041229 329680 131.453
16000 0 0.0254 55.5 0.00041229 551655 125.683
20000 0 0.0254 55.5 0.00041229 265226 121.933
1600 0 0.0254 39.6 0.000428464 293654 124.156
2000 0 0.0254 39.6 0.000428464 256477 130.026
2500 0 0.0254 39.6 0.000428464 499098 131.836
3150 0 0.0254 39.6 0.000428464 258400 133.276
4000 0 0.0254 39.6 0.000428464 765640 135.346
5000 0 0.0254 39.6 0.000428464 130229 136.536
6300 0 0.0254 39.6 0.000428464 964854 136.826
8000 0 0.0254 39.6 0.000428464 106257 135.866
10000 0 0.0254 39.6 0.000428464 564700 133.376
12500 0 0.0254 39.6 0.000428464 408668 129.116
16000 0 0.0254 39.6 0.000428464 918102 124.986
1000 0 0.0254 31.7 0.000439472 145991 125.127
1250 0 0.0254 31.7 0.000439472 729248 127.947
1600 0 0.0254 31.7 0.000439472 950926 129.267
2000 0 0.0254 31.7 0.000439472 667718 130.697
2500 0 0.0254 31.7 0.000439472 370498 132.897
3150 0 0.0254 31.7 0.000439472 326804 135.227
4000 0 0.0254 31.7 0.000439472 607241 137.047
5000 0 0.0254 31.7 0.000439472 587657 138.607
6300 0 0.0254 31.7 0.000439472 237303 138.537
8000 0 0.0254 31.7 0.000439472 967218 137.207
10000 0 0.0254 31.7 0.000439472 552544 134.227
12500 0 0.0254 31.7 0.000439472 322639 128.977
16000 0 0.0254 31.7 0.000439472 280364 125.627
2000 4.8 0.0254 71.3 0.000848633 748051 128.398
2500 4.8 0.0254 71.3 0.000848633 603506 130.828
3150 4.8 0.0254 71.3 0.000848633 582130 133.378
4000 4.8 0.0254 71.3 0.000848633 374254 134.928
5000 4.8 0.0254 71.3 0.000848633 540859 135.468
6300 4.8 0.0254 71.3 0.000848633 880249 134.498
8000 4.8 0.0254 71.3 0.000848633 636646 131.518
10000 4.8 0.0254 71.3 0.000848633 130394 127.398
12500 4.8 0.0254 71.3 0.000848633 883481 127.688
16000 4.8 0.0254 71.3 0.000848633 852973 124.208
20000 4.8 0.0254 71.3 0.000848633 291680 119.708
1600 4.8 0.0254 55.5 0.000873218 974495 121.474
2000 4.8 0.0254 55.5 0.000873218 395744 125.054
2500 4.8 0.0254 55.5 0.000873218 603383 129.144
3150 4.8 0.0254 55.5 0.000873218 541286 132.354
4000 4.8 0.0254 55.5 0.000873218 661446 133.924
5000 4.8 0.0254 55.5 0.000873218 262542 135.484
6300 4.8 0.0254 55.5 0.000873218 909095 135.164
8000 4.8 0.0254 55.5 0.000873218 603633 132.184
10000 4.8 0.0254 55.5 0.000873218 800333 126.944
12500 4.8 0.0254 55.5 0.000873218 209139 125.094
16000 4.8 0.0254 55.5 0.000873218 708756 124.394
20000 4.8 0.0254 55.5 0.000873218 657134 121.284
500 4.8 0.0254 39.6 0.000907475 738918 116.366
630 4.8 0.0254 39.6 0.000907475 126140 118.696
800 4.8 0.0254 39.6 0.000907475 521273 120.766
1000 4.8 0.0254 39.6 0.000907475 933289 122.956
1250 4.8 0.0254 39.6 0.000907475 161093 125.026
1600 4.8 0.0254 39.6 0.000907475 903041 125.966
2000 4.8 0.0254 39.6 0.000907475 767145 128.916
2500 4.8 0.0254 39.6 0.000907475 926300 131.236
3150 4.8 0.0254 39.6 0.000907475 169755 133.436
4000 4.8 0.0254 39.6 0.000907475 924259 134.996
5000 4.8 0.0254 39.6 0.000907475 193937 135.426
6300 4.8 0.0254 39.6 0.000907475 650099 134.336
8000 4.8 0.0254 39.6 0.000907475 666542 131.346
10000 4.8 0.0254 39.6 0.000907475 860989 126.066
500 4.8 0.0254 31.7 0.000930789 720746 116.128
630 4.8 0.0254 31.7 0.000930789 155238 120.078
800 4.8 0.0254 31.7 0.000930789 407366 122.648
1000 4.8 0.0254 31.7 0.000930789 156109 125.348
1250 4.8 0.0254 31.7 0.000930789 177721 127.408
1600 4.8 0.0254 31.7 0.000930789 316164 128.718
2000 4.8 0.0254 31.7 0.000930789 615076 130.148
2500 4.8 0.0254 31.7 0.000930789 338960 132.588
3150 4.8 0.0254 31.7 0.000930789 232059 134.268
4000 4.8 0.0254 31.7 0.000930789 260610 135.328
5000 4.8 0.0254 31.7 0.000930789 384081 135.248
6300 4.8 0.0254 31.7 0.000930789 574435 132.898
8000 4.8 0.0254 31.7 0.000930789 733276 127.008
630 9.5 0.0254 71.3 0.00420654 477761 125.726
800 9.5 0.0254 71.3 0.00420654 928738 127.206
1000 9.5 0.0254 71.3 0.00420654 176425 129.556
1250 9.5 0.0254 71.3 0.00420654 182912 131.656
1600 9.5 0.0254 71.3 0.00420654 699610 133.756
2000 9.5 0.0254 71.3 0.00420654 828138 134.976
2500 9.5 0.0254 71.3 0.00420654 799953 135.956
3150 9.5 0.0254 71.3 0.00420654 659738 136.166
4000 9.5 0.0254 71.3 0.00420654 325183 134.236
5000 9.5 0.0254 71.3 0.00420654 998462 131.186
6300 9.5 0.0254 71.3 0.00420654 215943 127.246
400 9.5 0.0254 55.5 0.0043284 609512 120.952
500 9.5 0.0254 55.5 0.0043284 126514 123.082
630 9.5 0.0254 55.5 0.0043284 660627 125.452
800 9.5 0.0254 55.5 0.0043284 589240 128.082
1000 9.5 0.0254 55.5 0.0043284 517723 130.332
1250 9.5 0.0254 55.5 0.0043284 168365 132.202
1600 9.5 0.0254 55.5 0.0043284 718370 133.062
2000 9.5 0.0254 55.5 0.0043284 229849 134.052
2500 9.5 0.0254 55.5 0.0043284 341706 134.152
3150 9.5 0.0254 55.5 0.0043284 477663 133.252
4000 9.5 0.0254 55.5 0.0043284 285613 131.582
5000 9.5 0.0254 55.5 0.0043284 776917 128.412
6300 9.5 0.0254 55.5 0.0043284 713753 124.222
200 9.5 0.0254 39.6 0.00449821 530116 116.074
250 9.5 0.0254 39.6 0.00449821 434061 116.924
315 9.5 0.0254 39.6 0.00449821 852182 119.294
400 9.5 0.0254 39.6 0.00449821 922214 121.154
500 9.5 0.0254 39.6 0.00449821 362555 123.894
630 9.5 0.0254 39.6 0.00449821 511011 126.514
800 9.5 0.0254 39.6 0.00449821 245192 129.014
1000 9.5 0.0254 39.6 0.00449821 108415 130.374
1250 9.5 0.0254 39.6 0.00449821 737227 130.964
1600 9.5 0.0254 39.6 0.00449821 738519 131.184
2000 9.5 0.0254 39.6 0.00449821 769470 131.274
2500 9.5 0.0254 39.6 0.00449821 489959 131.234
3150 9.5 0.0254 39.6 0.00449821 501650 129.934
4000 9.5 0.0254 39.6 0.00449821 776807 127.864
5000 9.5 0.0254 39.6 0.00449821 359795 125.044
6300 9.5 0.0254 39.6 0.00449821 209905 120.324
200 9.5 0.0254 31.7 0.00461377 648279 119.146
250 9.5 0.0254 31.7 0.00461377 799643 120.136
315 9.5 0.0254 31.7 0.00461377 471388 122.766
400 9.5 0.0254 31.7 0.00461377 292722 124.756
500 9.5 0.0254 31.7 0.00461377 337526 126.886
630 9.5 0.0254 31.7 0.00461377 611953 129.006
800 9.5 0.0254 31.7 0.00461377 293915 130.746
1000 9.5 0.0254 31.7 0.00461377 671743 131.346
1250 9.5 0.0254 31.7 0.00461377 295294 131.446
1600 9.5 0.0254 31.7 0.00461377 885459 131.036
2000 9.5 0.0254 31.7 0.00461377 832545 130.496
2500 9.5 0.0254 31.7 0.00461377 820377 130.086
3150 9.5 0.0254 31.7 0.00461377 660744 128.536
4000 9.5 0.0254 31.7 0.00461377 601054 126.736
5000 9.5 0.0254 31.7 0.00461377 916254 124.426
6300 9.5 0.0254 31.7 0.00461377 861251 120.726
250 12.7 0.0254 71.3 0.0121808 599406 119.698
315 12.7 0.0254 71.3 0.0121808 226176 122.938
400 12.7 0.0254 71.3 0.0121808 606650 125.048
500 12.7 0.0254 71.3 0.0121808 689946 126.898
630 12.7 0.0254 71.3 0.0121808 883348 128.878
800 12.7 0.0254 71.3 0.0121808 645957 130.348
1000 12.7 0.0254 71.3 0.0121808 299456 131.698
1250 12.7 0.0254 71.3 0.0121808 768149 133.048
1600 12.7 0.0254 71.3 0.0121808 634752 134.528
2000 12.7 0.0254 71.3 0.0121808 512680 134.228
2500 12.7 0.0254 71.3 0.0121808 949584 134.058
3150 12.7 0.0254 71.3 0.0121808 659631 133.758
4000 12.7 0.0254 71.3 0.0121808 526991 131.808
5000 12.7 0.0254 71.3 0.0121808 351419 128.978
6300 12.7 0.0254 71.3 0.0121808 726461 125.398
8000 12.7 0.0254 71.3 0.0121808 666637 120.538
10000 12.7 0.0254 71.3 0.0121808 654670 114.418
250 12.7 0.0254 39.6 0.0130253 240026 121.547
315 12.7 0.0254 39.6 0.0130253 931180 123.537
400 12.7 0.0254 39.6 0.0130253 114727 125.527
500 12.7 0.0254 39.6 0.0130253 257272 127.127
630 12.7 0.0254 39.6 0.0130253 953084 128.867
800 12.7 0.0254 39.6 0.0130253 639841 130.217
1000 12.7 0.0254 39.6 0.0130253 361471 130.947
1250 12.7 0.0254 39.6 0.0130253 434751 130.777
1600 12.7 0.0254 39.6 0.0130253 185271 129.977
2000 12.7 0.0254 39.6 0.0130253 922468 129.567
2500 12.7 0.0254 39.6 0.0130253 125307 129.027
3150 12.7 0.0254 39.6 0.0130253 671794 127.847
4000 12.7 0.0254 39.6 0.0130253 398175 126.537
5000 12.7 0.0254 39.6 0.0130253 275866 125.107
6300 12.7 0.0254 39.6 0.0130253 829824 123.177
8000 12.7 0.0254 39.6 0.0130253 101086 120.607
10000 12.7 0.0254 39.6 0.0130253 892659 116.017
200 17.4 0.0254 71.3 0.016104 847886 112.506
250 17.4 0.0254 71.3 0.016104 424859 113.796
315 17.4 0.0254 71.3 0.016104 882429 115.846
400 17.4 0.0254 71.3 0.016104 117535 117.396
500 17.4 0.0254 71.3 0.016104 494235 119.806
630 17.4 0.0254 71.3 0.016104 943919 122.606
800 17.4 0.0254 71.3 0.016104 902744 124.276
1000 17.4 0.0254 71.3 0.016104 991153 125.816
1250 17.4 0.0254 71.3 0.016104 217358 126.356
1600 17.4 0.0254 71.3 0.016104 149606 126.406
2000 17.4 0.0254 71.3 0.016104 367510 126.826
2500 17.4 0.0254 71.3 0.016104 868064 126.746
3150 17.4 0.0254 71.3 0.016104 240987 126.536
4000 17.4 0.0254 71.3 0.016104 703184 125.586
5000 17.4 0.0254 71.3 0.016104 660721 123.126
6300 17.4 0.0254 71.3 0.016104 142769 119.916
8000 17.4 0.0254 71.3 0.016104 149691 115.466
200 17.4 0.0254 55.5 0.0165706 282499 109.951
250 17.4 0.0254 55.5 0.0165706 263122 110.491
315 17.4 0.0254 55.5 0.0165706 586211 111.911
400 17.4 0.0254 55.5 0.0165706 184455 115.461
500 17.4 0.0254 55.5 0.0165706 894460 119.621
630 17.4 0.0254 55.5 0.0165706 328775 122.411
800 17.4 0.0254 55.5 0.0165706 568047 123.091
1000 17.4 0.0254 55.5 0.0165706 158526 126.001
1250 17.4 0.0254 55.5 0.0165706 593235 129.301
1600 17.4 0.0254 55.5 0.0165706 947448 126.471
2000 17.4 0.0254 55.5 0.0165706 728500 125.261
2500 17.4 0.0254 55.5 0.0165706 876888 124.931
3150 17.4 0.0254 55.5 0.0165706 620664 124.101
4000 17.4 0.0254 55.5 0.0165706 137705 121.771
5000 17.4 0.0254 55.5 0.0165706 223659 118.941
6300 17.4 0.0254 55.5 0.0165706 250948 114.861
200 17.4 0.0254 39.6 0.0172206 537098 114.044
250 17.4 0.0254 39.6 0.0172206 615023 114.714
315 17.4 0.0254 39.6 0.0172206 600957 115.144
400 17.4 0.0254 39.6 0.0172206 519147 115.444
500 17.4 0.0254 39.6 0.0172206 298789 117.514
630 17.4 0.0254 39.6 0.0172206 941508 124.514
800 17.4 0.0254 39.6 0.0172206 667701 135.324
1000 17.4 0.0254 39.6 0.0172206 498038 138.274
1250 17.4 0.0254 39.6 0.0172206 598241 131.364
1600 17.4 0.0254 39.6 0.0172206 742921 127.614
2000 17.4 0.0254 39.6 0.0172206 669777 126.644
2500 17.4 0.0254 39.6 0.0172206 751648 124.154
3150 17.4 0.0254 39.6 0.0172206 661023 123.564
4000 17.4 0.0254 39.6 0.0172206 109022 122.724
5000 17.4 0.0254 39.6 0.0172206 692243 119.854
200 17.4 0.0254 31.7 0.0176631 693530 116.146
250 17.4 0.0254 31.7 0.0176631 941146 116.956
315 17.4 0.0254 31.7 0.0176631 867020 118.416
400 17.4 0.0254 31.7 0.0176631 343952 120.766
500 17.4 0.0254 31.7 0.0176631 472741 127.676
630 17.4 0.0254 31.7 0.0176631 915830 136.886
800 17.4 0.0254 31.7 0.0176631 775464 139.226
1000 17.4 0.0254 31.7 0.0176631 280286 131.796
1250 17.4 0.0254 31.7 0.0176631 105235 128.306
1600 17.4 0.0254 31.7 0.0176631 492718 126.846
2000 17.4 0.0254 31.7 0.0176631 140204 124.356
2500 17.4 0.0254 31.7 0.0176631 679651 124.166
3150 17.4 0.0254 31.7 0.0176631 988492 123.466
4000 17.4 0.0254 31.7 0.0176631 894646 121.996
5000 17.4 0.0254 31.7 0.0176631 191616 117.996
315 22.2 0.0254 71.3 0.0214178 570017 115.857
400 22.2 0.0254 71.3 0.0214178 406870 117.927
500 22.2 0.0254 71.3 0.0214178 537467 117.967
630 22.2 0.0254 71.3 0.0214178 149404 120.657
800 22.2 0.0254 71.3 0.0214178 885332 123.227
1000 22.2 0.0254 71.3 0.0214178 760225 134.247
1250 22.2 0.0254 71.3 0.0214178 439969 140.987
1600 22.2 0.0254 71.3 0.0214178 110950 131.817
2000 22.2 0.0254 71.3 0.0214178 890760 127.197
2500 22.2 0.0254 71.3 0.0214178 697276 126.097
3150 22.2 0.0254 71.3 0.0214178 706550 124.127
4000 22.2 0.0254 71.3 0.0214178 408862 123.917
5000 22.2 0.0254 71.3 0.0214178 820955 125.727
6300 22.2 0.0254 71.3 0.0214178 583145 123.127
8000 22.2 0.0254 71.3 0.0214178 774235 121.657
200 22.2 0.0254 39.6 0.0229028 104249 116.066
250 22.2 0.0254 39.6 0.0229028 725498 117.386
315 22.2 0.0254 39.6 0.0229028 247460 120.716
400 22.2 0.0254 39.6 0.0229028 774955 123.416
500 22.2 0.0254 39.6 0.0229028 894517 129.776
630 22.2 0.0254 39.6 0.0229028 197514 137.026
800 22.2 0.0254 39.6 0.0229028 122981 137.076
1000 22.2 0.0254 39.6 0.0229028 944651 128.416
1250 22.2 0.0254 39.6 0.0229028 940013 126.446
1600 22.2 0.0254 39.6 0.0229028 262318 122.216
2000 22.2 0.0254 39.6 0.0229028 262775 121.256
2500 22.2 0.0254 39.6 0.0229028 283131 121.306
3150 22.2 0.0254 39.6 0.0229028 958688 120.856
4000 22.2 0.0254 39.6 0.0229028 709482 119.646
5000 22.2 0.0254 39.6 0.0229028 739357 118.816
630 0 0.1016 71.3 0.00121072 625969 124.155
800 0 0.1016 71.3 0.00121072 643317 126.805
1000 0 0.1016 71.3 0.00121072 304710 128.825
1250 0 0.1016 71.3 0.00121072 173253 130.335
1600 0 0.1016 71.3 0.00121072 168460 131.725
2000 0 0.1016 71.3 0.00121072 990358 132.095
2500 0 0.1016 71.3 0.00121072 268746 132.595
3150 0 0.1016 71.3 0.00121072 757358 131.955
4000 0 0.1016 71.3 0.00121072 211270 130.935
5000 0 0.1016 71.3 0.00121072 481308 130.795
6300 0 0.1016 71.3 0.00121072 298923 129.395
8000 0 0.1016 71.3 0.00121072 890672 125.465
10000 0 0.1016 71.3 0.00121072 571087 123.305
12500 0 0.1016 71.3 0.00121072 699170 119.375
630 0 0.1016 55.5 0.00131983 638141 126.170
800 0 0.1016 55.5 0.00131983 123978 127.920
1000 0 0.1016 55.5 0.00131983 926988 129.800
1250 0 0.1016 55.5 0.00131983 222934 131.430
1600 0 0.1016 55.5 0.00131983 501966 132.050
2000 0 0.1016 55.5 0.00131983 342680 132.540
2500 0 0.1016 55.5 0.00131983 943239 133.040
3150 0 0.1016 55.5 0.00131983 815445 131.780
4000 0 0.1016 55.5 0.00131983 969721 129.500
5000 0 0.1016 55.5 0.00131983 278496 128.360
6300 0 0.1016 55.5 0.00131983 524285 127.730
8000 0 0.1016 55.5 0.00131983 122889 124.450
10000 0 0.1016 55.5 0.00131983 430588 121.930
12500 0 0.1016 55.5 0.00131983 288409 119.910
630 0 0.1016 39.6 0.00146332 448637 125.401
800 0 0.1016 39.6 0.00146332 980398 128.401
1000 0 0.1016 39.6 0.00146332 732918 130.781
1250 0 0.1016 39.6 0.00146332 834349 132.271
1600 0 0.1016 39.6 0.00146332 248465 133.261
2000 0 0.1016 39.6 0.00146332 728746 133.251
2500 0 0.1016 39.6 0.00146332 215805 132.611
3150 0 0.1016 39.6 0.00146332 883443 130.961
4000 0 0.1016 39.6 0.00146332 349743 127.801
5000 0 0.1016 39.6 0.00146332 958703 126.021
6300 0 0.1016 39.6 0.00146332 864105 125.631
8000 0 0.1016 39.6 0.00146332 897019 122.341
10000 0 0.1016 39.6 0.00146332 681296 119.561
630 0 0.1016 31.7 0.00150092 344212 126.413
800 0 0.1016 31.7 0.00150092 786045 129.053
1000 0 0.1016 31.7 0.00150092 997513 131.313
1250 0 0.1016 31.7 0.00150092 351229 133.063
1600 0 0.1016 31.7 0.00150092 472004 133.553
2000 0 0.1016 31.7 0.00150092 775997 133.153
2500 0 0.1016 31.7 0.00150092 112936 132.003
3150 0 0.1016 31.7 0.00150092 884436 129.973
4000 0 0.1016 31.7 0.00150092 719138 126.933
5000 0 0.1016 31.7 0.00150092 991453 124.393
6300 0 0.1016 31.7 0.00150092 512895 124.253
8000 0 0.1016 31.7 0.00150092 866399 120.193
10000 0 0.1016 31.7 0.00150092 274309 115.893
800 3.3 0.1016 71.3 0.00202822 106070 131.074
1000 3.3 0.1016 71.3 0.00202822 174676 131.434
1250 3.3 0.1016 71.3 0.00202822 138485 132.304
1600 3.3 0.1016 71.3 0.00202822 726730 133.664
2000 3.3 0.1016 71.3 0.00202822 282372 134.034
2500 3.3 0.1016 71.3 0.00202822 841752 133.894
3150 3.3 0.1016 71.3 0.00202822 495462 132.114
4000 3.3 0.1016 71.3 0.00202822 800818 128.704
5000 3.3 0.1016 71.3 0.00202822 274121 127.054
6300 3.3 0.1016 71.3 0.00202822 753288 124.904
8000 3.3 0.1016 71.3 0.00202822 615887 121.234
10000 3.3 0.1016 71.3 0.00202822 514554 116.694
630 3.3 0.1016 55.5 0.002211 259838 126.599
800 3.3 0.1016 55.5 0.002211 497702 129.119
1000 3.3 0.1016 55.5 0.002211 754662 131.129
1250 3.3 0.1016 55.5 0.002211 121527 132.769
1600 3.3 0.1016 55.5 0.002211 852685 133.649
2000 3.3 0.1016 55.5 0.002211 958416 133.649
2500 3.3 0.1016 55.5 0.002211 302038 132.889
3150 3.3 0.1016 55.5 0.002211 368835 130.629
4000 3.3 0.1016 55.5 0.002211 508023 127.229
5000 3.3 0.1016 55.5 0.002211 297207 124.839
6300 3.3 0.1016 55.5 0.002211 636930 123.839
8000 3.3 0.1016 55.5 0.002211 681885 120.569
10000 3.3 0.1016 55.5 0.002211 654477 115.659
630 3.3 0.1016 39.6 0.00245138 817873 127.251
800 3.3 0.1016 39.6 0.00245138 990733 129.991
1000 3.3 0.1016 39.6 0.00245138 289968 131.971
1250 3.3 0.1016 39.6 0.00245138 391392 133.211
1600 3.3 0.1016 39.6 0.00245138 492585 133.071
2000 3.3 0.1016 39.6 0.00245138 498520 132.301
2500 3.3 0.1016 39.6 0.00245138 551672 130.791
3150 3.3 0.1016 39.6 0.00245138 892367 128.401
4000 3.3 0.1016 39.6 0.00245138 908413 124.881
5000 3.3 0.1016 39.6 0.00245138 318853 122.371
6300 3.3 0.1016 39.6 0.00245138 497241 120.851
8000 3.3 0.1016 39.6 0.00245138 800988 118.091
10000 3.3 0.1016 39.6 0.00245138 766141 115.321
630 3.3 0.1016 31.7 0.00251435 452167 128.952
800 3.3 0.1016 31.7 0.00251435 795720 131.362
1000 3.3 0.1016 31.7 0.00251435 927975 133.012
1250 3.3 0.1016 31.7 0.00251435 144035 134.022
1600 3.3 0.1016 31.7 0.00251435 661309 133.402
2000 3.3 0.1016 31.7 0.00251435 942567 131.642
2500 3.3 0.1016 31.7 0.00251435 613880 130.392
3150 3.3 0.1016 31.7 0.00251435 153631 128.252
4000 3.3 0.1016 31.7 0.00251435 810506 124.852
5000 3.3 0.1016 31.7 0.00251435 566695 122.082
6300 3.3 0.1016 31.7 0.00251435 486410 120.702
8000 3.3 0.1016 31.7 0.00251435 898647 117.432
630 6.7 0.1016 71.3 0.00478288 205047 131.448
800 6.7 0.1016 71.3 0.00478288 681796 134.478
1000 6.7 0.1016 71.3 0.00478288 513748 136.758
1250 6.7 0.1016 71.3 0.00478288 320588 137.658
1600 6.7 0.1016 71.3 0.00478288 597857 136.678
2000 6.7 0.1016 71.3 0.00478288 739381 134.568
2500 6.7 0.1016 71.3 0.00478288 445596 131.458
3150 6.7 0.1016 71.3 0.00478288 352354 124.458
500 6.7 0.1016 55.5 0.0052139 100084 129.343
630 6.7 0.1016 55.5 0.0052139 615938 133.023
800 6.7 0.1016 55.5 0.0052139 755438 135.953
1000 6.7 0.1016 55.5 0.0052139 490620 137.233
1250 6.7 0.1016 55.5 0.0052139 365931 136.883
1600 6.7 0.1016 55.5 0.0052139 628804 133.653
2000 6.7 0.1016 55.5 0.0052139 709416 129.653
2500 6.7 0.1016 55.5 0.0052139 850366 124.273
400 6.7 0.1016 39.6 0.00578076 811777 128.295
500 6.7 0.1016 39.6 0.00578076 539009 130.955
630 6.7 0.1016 39.6 0.00578076 238185 133.355
800 6.7 0.1016 39.6 0.00578076 897991 134.625
1000 6.7 0.1016 39.6 0.00578076 734709 134.515
1250 6.7 0.1016 39.6 0.00578076 653552 132.395
1600 6.7 0.1016 39.6 0.00578076 681080 127.375
2000 6.7 0.1016 39.6 0.00578076 763205 122.235
315 6.7 0.1016 31.7 0.00592927 129988 126.266
400 6.7 0.1016 31.7 0.00592927 783905 128.296
500 6.7 0.1016 31.7 0.00592927 851632 130.206
630 6.7 0.1016 31.7 0.00592927 170511 132.116
800 6.7 0.1016 31.7 0.00592927 423791 132.886
1000 6.7 0.1016 31.7 0.00592927 686411 131.636
1250 6.7 0.1016 31.7 0.00592927 665293 129.256
1600 6.7 0.1016 31.7 0.00592927 764695 124.346
2000 6.7 0.1016 31.7 0.00592927 311303 120.446
200 8.9 0.1016 71.3 0.0103088 245156 133.503
250 8.9 0.1016 71.3 0.0103088 332346 134.533
315 8.9 0.1016 71.3 0.0103088 572826 136.583
400 8.9 0.1016 71.3 0.0103088 102268 138.123
500 8.9 0.1016 71.3 0.0103088 408486 138.523
630 8.9 0.1016 71.3 0.0103088 506032 138.423
800 8.9 0.1016 71.3 0.0103088 631749 137.813
1000 8.9 0.1016 71.3 0.0103088 353091 135.433
1250 8.9 0.1016 71.3 0.0103088 158839 132.793
1600 8.9 0.1016 71.3 0.0103088 981593 128.763
2000 8.9 0.1016 71.3 0.0103088 704405 124.233
2500 8.9 0.1016 71.3 0.0103088 600604 123.623
3150 8.9 0.1016 71.3 0.0103088 757826 123.263
4000 8.9 0.1016 71.3 0.0103088 452324 120.243
5000 8.9 0.1016 71.3 0.0103088 368481 116.723
6300 8.9 0.1016 71.3 0.0103088 892539 117.253
200 8.9 0.1016 39.6 0.0124596 121798 133.420
250 8.9 0.1016 39.6 0.0124596 734188 134.340
315 8.9 0.1016 39.6 0.0124596 267272 135.380
400 8.9 0.1016 39.6 0.0124596 444454 135.540
500 8.9 0.1016 39.6 0.0124596 523757 133.790
630 8.9 0.1016 39.6 0.0124596 886077 131.920
800 8.9 0.1016 39.6 0.0124596 800685 130.940
1000 8.9 0.1016 39.6 0.0124596 656668 129.580
1250 8.9 0.1016 39.6 0.0124596 518680 127.710
1600 8.9 0.1016 39.6 0.0124596 244581 123.820
2000 8.9 0.1016 39.6 0.0124596 987657 119.040
2500 8.9 0.1016 39.6 0.0124596 252945 119.190
3150 8.9 0.1016 39.6 0.0124596 248277 119.350
4000 8.9 0.1016 39.6 0.0124596 159321 116.220
5000 8.9 0.1016 39.6 0.0124596 735901 113.080
6300 8.9 0.1016 39.6 0.0124596 705725 113.110
200 12.3 0.1016 71.3 0.0337792 432821 130.588
250 12.3 0.1016 71.3 0.0337792 133717 131.568
315 12.3 0.1016 71.3 0.0337792 108252 137.068
400 12.3 0.1016 71.3 0.0337792 987977 139.428
500 12.3 0.1016 71.3 0.0337792 260833 140.158
630 12.3 0.1016 71.3 0.0337792 941826 135.368
800 12.3 0.1016 71.3 0.0337792 657436 127.318
1000 12.3 0.1016 71.3 0.0337792 701118 127.928
1250 12.3 0.1016 71.3 0.0337792 959416 126.648
1600 12.3 0.1016 71.3 0.0337792 117144 124.748
2000 12.3 0.1016 71.3 0.0337792 853665 122.218
2500 12.3 0.1016 71.3 0.0337792 599349 121.318
3150 12.3 0.1016 71.3 0.0337792 179777 120.798
4000 12.3 0.1016 71.3 0.0337792 348350 118.018
5000 12.3 0.1016 71.3 0.0337792 932395 116.108
6300 12.3 0.1016 71.3 0.0337792 355214 113.958
200 12.3 0.1016 55.5 0.0368233 144623 132.304
250 12.3 0.1016 55.5 0.0368233 248870 133.294
315 12.3 0.1016 55.5 0.0368233 625257 135.674
400 12.3 0.1016 55.5 0.0368233 318902 136.414
500 12.3 0.1016 55.5 0.0368233 316317 133.774
630 12.3 0.1016 55.5 0.0368233 733245 124.244
800 12.3 0.1016 55.5 0.0368233 172545 125.114
1000 12.3 0.1016 55.5 0.0368233 431237 125.484
1250 12.3 0.1016 55.5 0.0368233 168104 124.214
1600 12.3 0.1016 55.5 0.0368233 636285 121.824
2000 12.3 0.1016 55.5 0.0368233 719313 118.564
2500 12.3 0.1016 55.5 0.0368233 939223 117.054
3150 12.3 0.1016 55.5 0.0368233 990096 116.914
4000 12.3 0.1016 55.5 0.0368233 976676 114.404
5000 12.3 0.1016 55.5 0.0368233 176342 112.014
6300 12.3 0.1016 55.5 0.0368233 291615 110.124
200 12.3 0.1016 39.6 0.0408268 642821 128.545
250 12.3 0.1016 39.6 0.0408268 115186 129.675
315 12.3 0.1016 39.6 0.0408268 695641 129.415
400 12.3 0.1016 39.6 0.0408268 909954 128.265
500 12.3 0.1016 39.6 0.0408268 385713 122.205
630 12.3 0.1016 39.6 0.0408268 480664 121.315
800 12.3 0.1016 39.6 0.0408268 813154 122.315
1000 12.3 0.1016 39.6 0.0408268 795781 122.435
1250 12.3 0.1016 39.6 0.0408268 153796 121.165
1600 12.3 0.1016 39.6 0.0408268 223002 117.875
2000 12.3 0.1016 39.6 0.0408268 179081 114.085
2500 12.3 0.1016 39.6 0.0408268 657894 113.315
3150 12.3 0.1016 39.6 0.0408268 544731 113.055
4000 12.3 0.1016 39.6 0.0408268 589477 110.905
5000 12.3 0.1016 39.6 0.0408268 459538 108.625
6300 12.3 0.1016 39.6 0.0408268 861378 107.985
200 12.3 0.1016 31.7 0.0418756 697752 124.987
250 12.3 0.1016 31.7 0.0418756 177491 125.857
315 12.3 0.1016 31.7 0.0418756 651850 124.717
400 12.3 0.1016 31.7 0.0418756 634307 123.207
500 12.3 0.1016 31.7 0.0418756 766793 118.667
630 12.3 0.1016 31.7 0.0418756 802136 119.287
800 12.3 0.1016 31.7 0.0418756 114955 120.037
1000 12.3 0.1016 31.7 0.0418756 761254 119.777
1250 12.3 0.1016 31.7 0.0418756 949522 118.767
1600 12.3 0.1016 31.7 0.0418756 597351 114.477
2000 12.3 0.1016 31.7 0.0418756 904013 110.447
2500 12.3 0.1016 31.7 0.0418756 514825 110.317
3150 12.3 0.1016 31.7 0.0418756 628264 110.307
4000 12.3 0.1016 31.7 0.0418756 366506 108.407
5000 12.3 0.1016 31.7 0.0418756 165284 107.147
6300 12.3 0.1016 31.7 0.0418756 105609 107.267
200 15.6 0.1016 71.3 0.0437259 189448 130.898
250 15.6 0.1016 71.3 0.0437259 734698 132.158
315 15.6 0.1016 71.3 0.0437259 420558 133.808
400 15.6 0.1016 71.3 0.0437259 176287 134.058
500 15.6 0.1016 71.3 0.0437259 471882 130.638
630 15.6 0.1016 71.3 0.0437259 318746 122.288
800 15.6 0.1016 71.3 0.0437259 611902 124.188
1000 15.6 0.1016 71.3 0.0437259 270854 124.438
1250 15.6 0.1016 71.3 0.0437259 232378 123.178
1600 15.6 0.1016 71.3 0.0437259 551924 121.528
2000 15.6 0.1016 71.3 0.0437259 364275 119.888
2500 15.6 0.1016 71.3 0.0437259 652624 118.998
3150 15.6 0.1016 71.3 0.0437259 586088 116.468
4000 15.6 0.1016 71.3 0.0437259 220353 113.298
200 15.6 0.1016 39.6 0.0528487 971282 123.514
250 15.6 0.1016 39.6 0.0528487 861810 124.644
315 15.6 0.1016 39.6 0.0528487 124289 122.754
400 15.6 0.1016 39.6 0.0528487 835434 120.484
500 15.6 0.1016 39.6 0.0528487 536600 115.304
630 15.6 0.1016 39.6 0.0528487 967482 118.084
800 15.6 0.1016 39.6 0.0528487 498555 118.964
1000 15.6 0.1016 39.6 0.0528487 151955 119.224
1250 15.6 0.1016 39.6 0.0528487 511579 118.214
1600 15.6 0.1016 39.6 0.0528487 543008 114.554
2000 15.6 0.1016 39.6 0.0528487 149268 110.894
2500 15.6 0.1016 39.6 0.0528487 935688 110.264
3150 15.6 0.1016 39.6 0.0528487 550915 109.254
4000 15.6 0.1016 39.6 0.0528487 149297 106.604
5000 15.6 0.1016 39.6 0.0528487 171404 106.224
6300 15.6 0.1016 39.6 0.0528487 595123 104.204
